======================================================================
Line Tracing Algorithm - Statistics for 200 Lines
======================================================================

Path Statistics:
  Total steps: 200
  Unique lines: 200
  Efficiency: 200/200 = 100.0%

Value Statistics:
  Starting value: 788.3722
  Ending value: 779.8989
  Value drop: 8.4733 (1.07%)
  Min value: 777.5781
  Max value: 788.3722
  Mean value: 782.7619

Quality Distribution:
  High quality (>99% of max):   170 lines ( 85.0%)
  Medium quality (95-99% of max):  30 lines ( 15.0%)
  Lower quality (<95% of max):     0 lines (  0.0%)

Angle Coverage:
  Phi range: [1.9deg, 182.1deg]
  Theta range: [0.0deg, 179.8deg]

Detailed Line Data:
Step   Phi (deg)    Theta (deg)    Value     
--------------------------------------------------
0      181.00       9.72           788.3722  
1      18.44        7.92           788.0917  
2      177.40       7.74           788.0609  
3      18.08        9.54           787.8977  
4      181.00       9.90           786.1450  
5      18.80        8.28           786.6547  
6      177.76       7.92           787.7415  
7      18.08        7.56           787.4795  
8      177.04       7.38           787.2020  
9      17.72        9.18           787.7599  
10     180.64       9.00           787.6279  
11     17.36        7.38           787.3891  
12     177.40       7.56           787.7025  
13     17.72        7.74           787.1157  
14     177.76       8.10           787.6943  
15     18.44        7.74           786.7979  
16     177.04       7.20           786.8776  
17     17.36        7.02           785.9589  
18     176.68       7.20           785.8186  
19     17.72        7.92           784.1896  
20     178.12       8.28           786.6317  
21     18.44        8.46           784.4068  
22     178.48       8.82           784.8431  
23     19.16        10.26          786.1865  
24     181.36       10.08          784.9989  
25     18.80        8.10           786.5675  
26     177.40       7.20           786.3271  
27     17.00        7.02           786.1390  
28     177.04       6.84           785.4999  
29     16.64        8.46           785.3600  
30     180.28       8.64           784.7126  
31     17.00        6.84           785.0817  
32     176.68       7.38           785.6092  
33     18.08        9.36           786.0638  
34     180.64       8.82           784.5390  
35     17.00        6.66           784.5170  
36     176.32       6.84           784.1994  
37     17.36        7.56           785.7845  
38     177.76       8.46           785.6105  
39     19.16        8.64           785.3160  
40     178.12       8.10           786.0170  
41     18.08        8.28           782.9141  
42     178.48       8.64           784.6812  
43     18.80        8.46           785.9797  
44     178.12       8.82           783.8928  
45     19.52        9.00           784.5094  
46     178.48       9.18           783.2440  
47     19.88        10.80          782.9435  
48     181.72       10.98          782.5103  
49     20.24        9.54           782.7740  
50     178.84       5.76           784.1172  
51     12.68        5.58           781.5669  
52     178.48       5.22           782.8127  
53     11.96        5.04           779.5153  
54     178.12       9.00           782.3806  
55     19.88        9.36           782.5386  
56     178.84       5.94           784.0081  
57     13.04        6.12           781.7258  
58     179.20       6.48           784.3105  
59     13.76        6.66           780.1089  
60     179.56       7.02           783.0576  
61     14.48        6.84           781.0190  
62     179.20       6.30           783.6752  
63     13.40        6.12           782.3438  
64     178.84       9.18           781.9910  
65     19.52        10.44          784.4180  
66     181.36       9.90           781.9894  
67     18.44        7.56           783.9525  
68     176.68       6.66           784.6014  
69     16.64        7.02           784.6080  
70     177.40       8.28           784.7375  
71     19.16        10.08          782.3104  
72     181.00       9.36           784.1503  
73     17.72        7.02           783.3129  
74     176.32       6.48           783.2894  
75     16.64        6.30           782.4708  
76     175.96       0.18           782.5401  
77     4.40         0.00           783.2458  
78     175.60       179.64         783.9968  
79     3.68         179.46         783.7589  
80     175.24       179.28         784.5571  
81     3.32         179.46         783.8941  
82     175.60       179.82         783.9036  
83     4.04         179.64         782.5429  
84     175.24       179.10         784.0413  
85     2.96         179.28         783.2485  
86     175.60       179.10         782.7621  
87     2.60         178.92         783.6284  
88     175.24       178.74         782.8244  
89     2.24         178.56         781.6489  
90     174.88       179.10         782.6483  
91     3.32         179.64         782.2222  
92     175.96       0.36           782.3032  
93     4.76         0.18           781.5082  
94     175.60       178.92         781.0339  
95     2.24         178.38         780.8636  
96     174.52       178.74         781.9265  
97     2.96         178.92         782.5761  
98     174.88       178.74         782.0569  
99     2.60         178.56         781.4535  
100    174.52       178.92         780.8561  
101    3.32         179.82         779.1399  
102    176.32       7.20           782.3364  
103    18.08        8.64           781.3851  
104    179.20       6.66           783.2238  
105    14.12        6.84           782.1709  
106    179.56       7.20           782.6806  
107    14.84        7.38           780.0683  
108    179.92       7.74           783.1989  
109    15.56        6.12           781.3509  
110    176.68       6.48           783.5962  
111    16.28        8.28           784.1971  
112    180.28       8.82           782.9360  
113    17.36        7.74           782.1990  
114    178.12       9.18           781.3529  
115    20.24        9.36           781.6832  
116    178.48       5.40           782.7696  
117    12.32        5.58           781.6344  
118    178.84       9.00           781.8163  
119    19.16        8.10           781.5162  
120    177.04       7.92           784.4587  
121    18.80        8.82           781.2595  
122    178.84       9.72           781.7928  
123    20.60        9.90           781.6328  
124    179.20       10.08          782.3859  
125    20.96        11.52          780.1884  
126    182.08       11.34          779.7191  
127    20.60        9.54           780.6093  
128    178.48       5.04           781.3151  
129    11.60        4.86           780.8844  
130    178.12       4.32           781.3180  
131    10.52        4.14           779.5888  
132    177.76       8.64           784.0927  
133    19.52        8.46           782.4133  
134    177.40       6.84           782.3671  
135    16.28        6.66           783.8759  
136    177.04       6.48           782.3198  
137    15.92        7.92           782.9357  
138    179.92       7.56           782.0732  
139    15.20        7.38           781.0167  
140    179.56       10.80          781.3397  
141    22.04        10.62          779.3958  
142    179.20       10.26          781.7441  
143    21.32        10.44          780.1556  
144    179.56       10.62          781.1345  
145    21.68        10.44          780.8478  
146    179.20       8.82           781.3302  
147    18.44        9.54           783.1115  
148    180.64       8.64           781.5080  
149    16.64        7.20           781.5711  
150    177.76       7.38           783.4246  
151    17.00        6.48           781.8386  
152    175.96       0.00           782.2751  
153    4.04         0.18           779.4896  
154    176.32       6.30           781.9590  
155    16.28        8.10           781.5405  
156    179.92       11.52          780.1323  
157    23.12        11.34          778.1070  
158    179.56       8.82           780.8312  
159    18.08        8.46           780.4740  
160    178.84       8.64           780.8365  
161    18.44        9.00           780.5889  
162    179.56       10.98          780.6064  
163    22.40        11.16          778.9381  
164    179.92       11.34          779.9061  
165    22.76        11.16          779.8041  
166    179.56       8.64           780.2672  
167    17.72        8.10           781.2161  
168    178.48       7.92           780.2056  
169    17.36        6.66           781.2140  
170    175.96       179.82         781.9681  
171    3.68         179.28         781.1346  
172    174.88       178.38         781.1823  
173    1.88         178.56         781.6013  
174    175.24       179.82         781.0917  
175    4.40         0.36           779.5807  
176    176.32       6.12           781.3080  
177    15.92        6.30           782.8412  
178    176.68       5.94           780.7075  
179    15.20        6.12           779.9138  
180    177.04       2.70           780.9879  
181    8.36         2.88           778.8129  
182    177.40       3.24           781.9683  
183    9.08         3.42           780.3582  
184    177.76       3.78           782.9005  
185    9.80         3.96           779.2390  
186    178.12       4.50           781.1254  
187    10.88        4.32           777.5781  
188    177.76       8.82           782.2302  
189    19.88        10.62          780.7081  
190    181.36       9.72           777.7817  
191    18.08        9.18           779.8416  
192    180.28       8.10           781.4918  
193    15.92        6.66           780.5958  
194    177.40       3.06           781.0888  
195    8.72         2.88           780.1752  
196    177.04       6.30           780.9703  
197    15.56        5.94           780.1444  
198    176.32       7.38           780.3622  
199    18.44        9.18           779.8989  
