======================================================================
Line Tracing Algorithm - Statistics for 3000 Lines
======================================================================

Performance:
  Load time: 24.14 seconds
  Trace time: 79.10 seconds
  Render time: 0.07 seconds
  Total time: 103.31 seconds

Path Statistics:
  Total steps: 3000
  Unique lines: 3000
  Efficiency: 3000/3000 = 100.0%

Value Statistics:
  Starting value: 788.3722
  Ending value: 755.8074
  Value drop: 32.5648 (4.13%)
  Min value: 753.3951
  Max value: 788.3722
  Mean value: 768.1754
  Median value: 767.9082

Quality Distribution:
  High quality (>99% of max):    185 lines (  6.2%)
  Medium quality (95-99% of max): 2815 lines ( 93.8%)
  Lower quality (<95% of max):      0 lines (  0.0%)

Angle Coverage:
  Phi range: [0.1deg, 359.7deg]
  Theta range: [0.0deg, 179.8deg]
  Unique phi positions: 176
  Unique theta angles: 173

Value Distribution by Percentile:
  10th percentile: 758.4040
  25th percentile: 761.3807
  50th percentile: 767.9082
  75th percentile: 774.0272
  90th percentile: 778.5065
  95th percentile: 781.2141
  99th percentile: 785.5010

Detailed Line Data (first 100, last 100, and every 100th):
Step   Phi (deg)    Theta (deg)    Value     
--------------------------------------------------
0      181.00       9.72           788.3722  
1      18.44        7.92           788.0917  
2      177.40       7.74           788.0609  
3      18.08        9.54           787.8977  
4      181.00       9.90           786.1450  
5      18.80        8.28           786.6547  
6      177.76       7.92           787.7415  
7      18.08        7.56           787.4795  
8      177.04       7.38           787.2020  
9      17.72        9.18           787.7599  
10     180.64       9.00           787.6279  
11     17.36        7.38           787.3891  
12     177.40       7.56           787.7025  
13     17.72        7.74           787.1157  
14     177.76       8.10           787.6943  
15     18.44        7.74           786.7979  
16     177.04       7.20           786.8776  
17     17.36        7.02           785.9589  
18     176.68       7.20           785.8186  
19     17.72        7.92           784.1896  
20     178.12       8.28           786.6317  
21     18.44        8.46           784.4068  
22     178.48       8.82           784.8431  
23     19.16        10.26          786.1865  
24     181.36       10.08          784.9989  
25     18.80        8.10           786.5675  
26     177.40       7.20           786.3271  
27     17.00        7.02           786.1390  
28     177.04       6.84           785.4999  
29     16.64        8.46           785.3600  
30     180.28       8.64           784.7126  
31     17.00        6.84           785.0817  
32     176.68       7.38           785.6092  
33     18.08        9.36           786.0638  
34     180.64       8.82           784.5390  
35     17.00        6.66           784.5170  
36     176.32       6.84           784.1994  
37     17.36        7.56           785.7845  
38     177.76       8.46           785.6105  
39     19.16        8.64           785.3160  
40     178.12       8.10           786.0170  
41     18.08        8.28           782.9141  
42     178.48       8.64           784.6812  
43     18.80        8.46           785.9797  
44     178.12       8.82           783.8928  
45     19.52        9.00           784.5094  
46     178.48       9.18           783.2440  
47     19.88        10.80          782.9435  
48     181.72       10.98          782.5103  
49     20.24        9.54           782.7740  
50     178.84       5.76           784.1172  
51     12.68        5.58           781.5669  
52     178.48       5.22           782.8127  
53     11.96        5.04           779.5153  
54     178.12       9.00           782.3806  
55     19.88        9.36           782.5386  
56     178.84       5.94           784.0081  
57     13.04        6.12           781.7258  
58     179.20       6.48           784.3105  
59     13.76        6.66           780.1089  
60     179.56       7.02           783.0576  
61     14.48        6.84           781.0190  
62     179.20       6.30           783.6752  
63     13.40        6.12           782.3438  
64     178.84       9.18           781.9910  
65     19.52        10.44          784.4180  
66     181.36       9.90           781.9894  
67     18.44        7.56           783.9525  
68     176.68       6.66           784.6014  
69     16.64        7.02           784.6080  
70     177.40       8.28           784.7375  
71     19.16        10.08          782.3104  
72     181.00       9.36           784.1503  
73     17.72        7.02           783.3129  
74     176.32       6.48           783.2894  
75     16.64        6.30           782.4708  
76     175.96       0.18           782.5401  
77     4.40         0.00           783.2458  
78     175.60       179.64         783.9968  
79     3.68         179.46         783.7589  
80     175.24       179.28         784.5571  
81     3.32         179.46         783.8941  
82     175.60       179.82         783.9036  
83     4.04         179.64         782.5429  
84     175.24       179.10         784.0413  
85     2.96         179.28         783.2485  
86     175.60       179.10         782.7621  
87     2.60         178.92         783.6284  
88     175.24       178.74         782.8244  
89     2.24         178.56         781.6489  
90     174.88       179.10         782.6483  
91     3.32         179.64         782.2222  
92     175.96       0.36           782.3032  
93     4.76         0.18           781.5082  
94     175.60       178.92         781.0339  
95     2.24         178.38         780.8636  
96     174.52       178.74         781.9265  
97     2.96         178.92         782.5761  
98     174.88       178.74         782.0569  
99     2.60         178.56         781.4535  
...
100    174.52       178.92         780.8561  
200    179.92       11.70          779.8077  
300    176.32       5.58           779.6577  
400    179.92       10.98          778.1052  
500    178.48       6.12           776.4977  
600    177.40       0.90           775.9644  
700    177.40       1.08           774.6905  
800    181.36       9.54           773.6050  
900    184.24       9.36           771.7801  
1000   182.44       11.70          771.6131  
1100   175.24       177.66         771.7083  
1200   174.16       0.90           771.0195  
1300   184.24       11.70          768.0417  
1400   181.72       13.50          769.5281  
1500   173.44       1.26           767.4624  
1600   173.44       0.18           767.2615  
1700   180.64       20.34          765.4583  
1800   185.68       16.56          764.8690  
1900   182.08       12.42          765.2939  
2000   179.92       5.76           763.5864  
2100   185.32       15.30          763.0646  
2200   172.00       178.02         761.1258  
2300   183.16       4.68           761.2618  
2400   178.84       13.32          760.8579  
2500   177.04       11.88          759.5037  
2600   181.36       1.98           760.1663  
2700   173.08       2.70           757.4412  
2800   171.28       177.12         758.0228  
...
2900   173.44       5.04           757.9448  
2901   16.64        9.54           756.2069  
2902   182.44       10.98          757.8286  
2903   19.52        6.66           757.1058  
2904   173.80       6.48           757.1963  
2905   19.16        12.96          757.4648  
2906   186.76       17.64          757.1299  
2907   28.52        16.92          756.6960  
2908   185.32       25.56          757.9898  
2909   45.80        25.38          757.3898  
2910   184.96       9.18           756.9540  
2911   13.40        3.42           757.9332  
2912   173.44       3.60           757.8846  
2913   13.76        7.56           754.9868  
2914   181.36       15.30          756.5770  
2915   29.24        14.04          756.8808  
2916   178.84       14.94          757.3454  
2917   31.04        17.10          757.4108  
2918   183.16       16.92          757.7649  
2919   30.68        14.04          757.9272  
2920   177.40       16.38          757.1778  
2921   35.36        16.56          754.6298  
2922   177.76       19.80          756.3934  
2923   41.84        22.68          758.2067  
2924   183.52       21.96          757.8768  
2925   40.40        21.06          757.5093  
2926   181.72       15.66          757.3657  
2927   29.60        14.04          756.6110  
2928   178.48       15.30          757.8414  
2929   32.12        15.12          757.6070  
2930   178.12       17.10          756.8437  
2931   36.08        17.28          756.4416  
2932   178.48       17.46          757.6177  
2933   36.44        17.64          756.8400  
2934   178.84       0.00           756.6007  
2935   1.16         176.04         755.8255  
2936   170.92       176.40         756.5530  
2937   1.88         1.98           755.0208  
2938   182.08       8.46           757.1579  
2939   14.84        10.26          756.9877  
2940   185.68       14.94          757.5087  
2941   24.20        14.22          758.2333  
2942   184.24       23.04          758.1891  
2943   41.84        23.22          753.9673  
2944   184.60       23.40          757.3425  
2945   42.20        19.98          753.8527  
2946   177.76       14.76          756.1598  
2947   31.76        17.46          756.5176  
2948   183.16       17.28          757.4212  
2949   31.40        17.10          756.1381  
2950   182.80       10.44          757.1639  
2951   18.08        12.60          755.6326  
2952   187.12       17.82          755.9586  
2953   28.52        16.02          755.7343  
2954   183.52       22.50          757.4874  
2955   41.48        22.68          757.7186  
2956   183.88       12.60          758.0031  
2957   21.32        13.32          757.5831  
2958   185.32       13.14          757.5064  
2959   20.96        7.56           756.3946  
2960   174.16       7.20           757.7665  
2961   20.24        11.88          756.6223  
2962   183.52       13.14          756.9233  
2963   22.76        8.82           757.6983  
2964   174.88       9.54           757.6623  
2965   24.20        15.12          754.6289  
2966   186.04       15.66          757.1660  
2967   25.28        14.22          757.3394  
2968   183.16       16.56          757.3544  
2969   29.96        14.22          757.5476  
2970   178.48       13.68          757.2217  
2971   28.88        17.82          757.0950  
2972   186.76       12.24          757.0809  
2973   17.72        12.42          755.4850  
2974   187.12       12.78          755.4691  
2975   18.44        10.62          755.1087  
2976   182.80       21.60          756.9271  
2977   40.40        21.42          757.3265  
2978   182.44       21.78          757.5247  
2979   41.12        22.50          757.7345  
2980   183.88       5.94           757.9172  
2981   8.00         3.96           756.5419  
2982   179.92       4.32           756.8456  
2983   8.72         6.48           755.7265  
2984   184.24       14.04          757.4635  
2985   23.84        9.72           758.5718  
2986   175.60       10.98          757.5452  
2987   26.36        12.78          757.4250  
2988   179.20       14.22          756.8760  
2989   29.24        16.20          756.6818  
2990   183.16       21.60          757.2062  
2991   40.04        21.24          755.9857  
2992   182.44       2.88           757.5203  
2993   3.32         177.30         756.5662  
2994   171.28       175.14         757.2176  
2995   359.00       178.20         755.8008  
2996   177.40       18.90          757.1529  
2997   40.40        21.24          756.2334  
2998   182.08       16.20          756.5286  
2999   30.32        18.54          755.8074  
